[1] "#############################################################"
[1] "Pre-Processing"
[1] "#############################################################"
[1] "Iteration"
[1] 994.282
[1] 994.136
[1] 993.964
[1] 993.766
[1] 993.57
[1] 993.374
[1] 992.89
[1] 992.316
[1] 991.716
[1] 991.152
[1] 990.614
[1] 990.088
[1] 989.498
[1] 988.872
[1] 988.284
[1] 987.734
[1] 987.186
[1] 986.606
[1] 986.09
[1] 985.51
[1] 984.95
[1] 984.498
[1] 984.09
[1] 983.698
[1] 983.29
[1] 982.89
[1] 982.45
[1] 982.014
[1] 981.598
[1] 981.246
[1] 980.938
[1] 980.65
[1] 980.378
[1] 979.962
[1] 979.49
[1] 978.982
[1] 978.374
[1] 977.75
[1] 977.198
[1] 976.722
[1] 976.346
[1] 976.138
[1] 975.234
[1] 974.62
[1] 973.862
[1] 973.134
[1] 972.446
[1] 971.816
[1] 971.326
[1] 970.818
[1] 970.06
[1] 969.25
[1] 968.466
[1] 967.782
[1] 967.166
[1] 966.48
[1] 965.91
[1] 965.35
[1] 964.804
[1] 964.274
[1] 963.842
[1] 963.454
[1] 963.014
[1] 962.672
[1] 962.396
[1] 962.29
[1] 962.228
[1] 962.132
[1] 962.032
[1] 961.948
[1] 961.876
[1] 961.71
[1] 961.632
[1] 961.624
[1] 961.54
[1] 961.43
[1] 961.366
[1] 961.37
[1] 961.492
[1] 961.718
[1] 961.966
[1] 962.33
[1] 962.704
[1] 963.084
[1] 963.386
[1] 963.696
[1] 963.932
[1] 964.236
[1] 964.518
[1] 964.776
[1] 965.132
[1] 965.524
[1] 965.97
[1] 966.414
[1] 966.898
[1] 967.512
[1] 968.182
[1] 968.66
[1] 969.212
[1] 969.812
[1] 970.504
[1] 971.26
[1] 972.136
[1] 972.938
[1] 973.708
[1] 974.47
[1] 975.302
[1] 976.046
[1] 976.71
[1] 977.306
[1] 977.84
[1] 978.124
[1] 978.408
[1] 978.792
[1] 979.18
[1] 979.45
[1] 979.626
[1] 979.75
[1] 979.776
[1] 979.872
[1] 979.946
[1] 980.014
[1] 980.078
[1] 980.1
[1] 980.176
[1] 980.23
[1] 980.36
[1] 980.63
[1] 980.864
[1] 981.078
[1] 981.244
[1] 981.338
[1] 981.444
[1] 981.452
[1] 981.496
[1] 981.514
[1] 981.514
[1] 981.552
[1] 981.506
[1] 981.422
[1] 981.498
[1] 981.596
[1] 981.598
[1] 981.53
[1] 981.494
[1] 981.398
[1] 981.208
[1] 980.966
[1] 980.702
[1] 980.214
[1] 979.686
[1] 979.234
[1] 978.774
[1] 978.3
[1] 977.932
[1] 977.546
[1] 977.174
[1] 976.966
[1] 976.724
[1] 976.52
[1] 976.39
[1] 976.204
[1] 975.978
[1] 975.634
[1] 975.384
[1] 975.21
[1] 975.034
[1] 974.834
[1] 974.526
[1] 974.198
[1] 973.828
[1] 973.54
[1] 973.252
[1] 973.05
[1] 972.892
[1] 972.894
[1] 972.848
[1] 972.84
[1] 972.89
[1] 972.694
[1] 972.458
[1] 972.35
[1] 972.334
[1] 972.338
[1] 972.418
[1] 972.534
[1] 972.63
[1] 972.676
[1] 972.77
[1] 972.822
[1] 972.882
[1] 972.892
[1] 972.864
[1] 972.828
[1] 972.848
[1] 972.86
[1] 972.86
[1] 972.782
[1] 972.91
[1] 972.994
[1] 973.102
[1] 973.202
[1] 973.194
[1] 973.102
[1] 973.064
[1] 972.952
[1] 972.88
[1] 972.784
[1] 972.708
[1] 972.658
[1] 972.678
[1] 972.594
[1] 972.466
[1] 972.292
[1] 972.094
[1] 971.964
[1] 971.946
[1] 971.872
[1] 971.822
[1] 971.69
[1] 971.56
[1] 971.436
[1] 971.222
[1] 971.026
[1] 970.766
[1] 970.552
[1] 970.466
[1] 970.368
[1] 970.318
[1] 970.25
[1] 970.2
[1] 970.136
[1] 969.99
[1] 969.88
[1] 969.718
[1] 969.42
[1] 969.116
[1] 968.806
[1] 968.456
[1] 968.186
[1] 967.86
[1] 967.518
[1] 967.122
[1] 966.656
[1] 966.226
[1] 965.862
[1] 965.494
[1] 965.07
[1] 964.676
[1] 964.27
[1] 963.914
[1] 963.562
[1] 963.368
[1] 963.178
[1] 963.078
[1] 962.94
[1] 962.792
[1] "#############################################################"
[1] "Results"
[1] "Raw made over the timeframe: £0.000000"
[1] "Percentage made over the timeframe: 100.000000%"
